DISTLP2,dynamic-4,16,0,0
DISTLP2,dynamic-4,16,0,1
DISTLP2,dynamic-4,16,0,2
DISTLP2,dynamic-4,16,0,3
DISTLP2,dynamic-4,16,2,4
DISTLP2,dynamic-4,16,2,5
DISTLP2,dynamic-4,16,2,6
DISTLP2,dynamic-4,16,2,7
DISTLP2,dynamic-4,16,3,8
DISTLP2,dynamic-4,16,3,9
DISTLP2,dynamic-4,16,3,10
DISTLP2,dynamic-4,16,3,11
DISTLP2,dynamic-4,16,11,12
DISTLP2,dynamic-4,16,11,13
DISTLP2,dynamic-4,16,11,14
DISTLP2,dynamic-4,16,11,15
DISTLP2,dynamic-4,16,4,16
DISTLP2,dynamic-4,16,4,17
DISTLP2,dynamic-4,16,4,18
DISTLP2,dynamic-4,16,4,19
DISTLP2,dynamic-4,16,1,20
DISTLP2,dynamic-4,16,1,21
DISTLP2,dynamic-4,16,1,22
DISTLP2,dynamic-4,16,1,23
DISTLP2,dynamic-4,16,7,24
DISTLP2,dynamic-4,16,7,25
DISTLP2,dynamic-4,16,7,26
DISTLP2,dynamic-4,16,7,27
DISTLP2,dynamic-4,16,5,28
DISTLP2,dynamic-4,16,5,29
DISTLP2,dynamic-4,16,5,30
DISTLP2,dynamic-4,16,5,31
DISTLP2,dynamic-4,16,10,32
DISTLP2,dynamic-4,16,10,33
DISTLP2,dynamic-4,16,10,34
DISTLP2,dynamic-4,16,10,35
DISTLP2,dynamic-4,16,8,36
DISTLP2,dynamic-4,16,8,37
DISTLP2,dynamic-4,16,8,38
DISTLP2,dynamic-4,16,8,39
DISTLP2,dynamic-4,16,6,40
DISTLP2,dynamic-4,16,6,41
DISTLP2,dynamic-4,16,6,42
DISTLP2,dynamic-4,16,6,43
DISTLP2,dynamic-4,16,10,44
DISTLP2,dynamic-4,16,10,45
DISTLP2,dynamic-4,16,10,46
DISTLP2,dynamic-4,16,10,47
DISTLP2,dynamic-4,16,8,48
DISTLP2,dynamic-4,16,8,49
DISTLP2,dynamic-4,16,8,50
DISTLP2,dynamic-4,16,8,51
DISTLP2,dynamic-4,16,6,52
DISTLP2,dynamic-4,16,6,53
DISTLP2,dynamic-4,16,6,54
DISTLP2,dynamic-4,16,6,55
DISTLP2,dynamic-4,16,13,56
DISTLP2,dynamic-4,16,13,57
DISTLP2,dynamic-4,16,13,58
DISTLP2,dynamic-4,16,13,59
DISTLP2,dynamic-4,16,14,60
DISTLP2,dynamic-4,16,14,61
DISTLP2,dynamic-4,16,14,62
DISTLP2,dynamic-4,16,14,63
DISTLP2,dynamic-4,16,12,64
DISTLP2,dynamic-4,16,12,65
DISTLP2,dynamic-4,16,12,66
DISTLP2,dynamic-4,16,12,67
DISTLP2,dynamic-4,16,12,68
DISTLP2,dynamic-4,16,12,69
DISTLP2,dynamic-4,16,12,70
DISTLP2,dynamic-4,16,12,71
DISTLP2,dynamic-4,16,10,72
DISTLP2,dynamic-4,16,10,73
DISTLP2,dynamic-4,16,10,74
DISTLP2,dynamic-4,16,10,75
DISTLP2,dynamic-4,16,10,76
DISTLP2,dynamic-4,16,10,77
DISTLP2,dynamic-4,16,10,78
DISTLP2,dynamic-4,16,10,79
DISTLP2,dynamic-4,16,8,80
DISTLP2,dynamic-4,16,8,81
DISTLP2,dynamic-4,16,8,82
DISTLP2,dynamic-4,16,8,83
DISTLP2,dynamic-4,16,8,84
DISTLP2,dynamic-4,16,8,85
DISTLP2,dynamic-4,16,8,86
DISTLP2,dynamic-4,16,8,87
DISTLP2,dynamic-4,16,6,88
DISTLP2,dynamic-4,16,6,89
DISTLP2,dynamic-4,16,6,90
DISTLP2,dynamic-4,16,6,91
DISTLP2,dynamic-4,16,12,92
DISTLP2,dynamic-4,16,12,93
DISTLP2,dynamic-4,16,12,94
DISTLP2,dynamic-4,16,12,95
DISTLP2,dynamic-4,16,12,96
DISTLP2,dynamic-4,16,12,97
DISTLP2,dynamic-4,16,12,98
DISTLP2,dynamic-4,16,12,99
DISTLP2,dynamic-4,16,12,100
DISTLP2,dynamic-4,16,12,101
DISTLP2,dynamic-4,16,12,102
DISTLP2,dynamic-4,16,12,103
DISTLP2,dynamic-4,16,14,104
DISTLP2,dynamic-4,16,14,105
DISTLP2,dynamic-4,16,14,106
DISTLP2,dynamic-4,16,14,107
DISTLP2,dynamic-4,16,14,108
DISTLP2,dynamic-4,16,14,109
DISTLP2,dynamic-4,16,14,110
DISTLP2,dynamic-4,16,14,111
DISTLP2,dynamic-4,16,13,112
DISTLP2,dynamic-4,16,13,113
DISTLP2,dynamic-4,16,13,114
DISTLP2,dynamic-4,16,13,115
DISTLP2,dynamic-4,16,13,116
DISTLP2,dynamic-4,16,13,117
DISTLP2,dynamic-4,16,13,118
DISTLP2,dynamic-4,16,13,119
DISTLP2,dynamic-4,16,13,120
DISTLP2,dynamic-4,16,13,121
DISTLP2,dynamic-4,16,13,122
DISTLP2,dynamic-4,16,13,123
DISTLP2,dynamic-4,16,13,124
DISTLP2,dynamic-4,16,13,125
DISTLP2,dynamic-4,16,13,126
DISTLP2,dynamic-4,16,13,127
DISTLP2,dynamic-4,16,13,128
DISTLP2,dynamic-4,16,13,129
DISTLP2,dynamic-4,16,13,130
DISTLP2,dynamic-4,16,13,131
DISTLP2,dynamic-4,16,10,132
DISTLP2,dynamic-4,16,10,133
DISTLP2,dynamic-4,16,10,134
DISTLP2,dynamic-4,16,10,135
DISTLP2,dynamic-4,16,10,136
DISTLP2,dynamic-4,16,10,137
DISTLP2,dynamic-4,16,10,138
DISTLP2,dynamic-4,16,10,139
DISTLP2,dynamic-4,16,10,140
DISTLP2,dynamic-4,16,10,141
DISTLP2,dynamic-4,16,10,142
DISTLP2,dynamic-4,16,10,143
DISTLP2,dynamic-4,16,8,144
DISTLP2,dynamic-4,16,8,145
DISTLP2,dynamic-4,16,8,146
DISTLP2,dynamic-4,16,8,147
DISTLP2,dynamic-4,16,8,148
DISTLP2,dynamic-4,16,8,149
DISTLP2,dynamic-4,16,8,150
DISTLP2,dynamic-4,16,8,151
DISTLP2,dynamic-4,16,8,152
DISTLP2,dynamic-4,16,8,153
DISTLP2,dynamic-4,16,8,154
DISTLP2,dynamic-4,16,8,155
DISTLP2,dynamic-4,16,8,156
DISTLP2,dynamic-4,16,8,157
DISTLP2,dynamic-4,16,8,158
DISTLP2,dynamic-4,16,8,159
DISTLP2,dynamic-4,16,8,160
DISTLP2,dynamic-4,16,8,161
DISTLP2,dynamic-4,16,8,162
DISTLP2,dynamic-4,16,8,163
DISTLP2,dynamic-4,16,5,164
DISTLP2,dynamic-4,16,5,165
DISTLP2,dynamic-4,16,5,166
DISTLP2,dynamic-4,16,5,167
DISTLP2,dynamic-4,16,5,168
DISTLP2,dynamic-4,16,5,169
DISTLP2,dynamic-4,16,5,170
DISTLP2,dynamic-4,16,5,171
DISTLP2,dynamic-4,16,5,172
DISTLP2,dynamic-4,16,5,173
DISTLP2,dynamic-4,16,5,174
DISTLP2,dynamic-4,16,5,175
DISTLP2,dynamic-4,16,5,176
DISTLP2,dynamic-4,16,5,177
DISTLP2,dynamic-4,16,5,178
DISTLP2,dynamic-4,16,5,179
DISTLP2,dynamic-4,16,12,180
DISTLP2,dynamic-4,16,12,181
DISTLP2,dynamic-4,16,12,182
DISTLP2,dynamic-4,16,12,183
DISTLP2,dynamic-4,16,12,184
DISTLP2,dynamic-4,16,12,185
DISTLP2,dynamic-4,16,12,186
DISTLP2,dynamic-4,16,12,187
DISTLP2,dynamic-4,16,12,188
DISTLP2,dynamic-4,16,12,189
DISTLP2,dynamic-4,16,12,190
DISTLP2,dynamic-4,16,12,191
DISTLP2,dynamic-4,16,14,192
DISTLP2,dynamic-4,16,14,193
DISTLP2,dynamic-4,16,14,194
DISTLP2,dynamic-4,16,14,195
DISTLP2,dynamic-4,16,14,196
DISTLP2,dynamic-4,16,14,197
DISTLP2,dynamic-4,16,14,198
DISTLP2,dynamic-4,16,14,199
DISTLP2,dynamic-4,16,14,200
DISTLP2,dynamic-4,16,14,201
DISTLP2,dynamic-4,16,14,202
DISTLP2,dynamic-4,16,14,203
DISTLP2,dynamic-4,16,14,204
DISTLP2,dynamic-4,16,14,205
DISTLP2,dynamic-4,16,14,206
DISTLP2,dynamic-4,16,14,207
DISTLP2,dynamic-4,16,14,208
DISTLP2,dynamic-4,16,14,209
DISTLP2,dynamic-4,16,14,210
DISTLP2,dynamic-4,16,14,211
DISTLP2,dynamic-4,16,6,212
DISTLP2,dynamic-4,16,6,213
DISTLP2,dynamic-4,16,6,214
DISTLP2,dynamic-4,16,6,215
DISTLP2,dynamic-4,16,6,216
DISTLP2,dynamic-4,16,6,217
DISTLP2,dynamic-4,16,6,218
DISTLP2,dynamic-4,16,6,219
DISTLP2,dynamic-4,16,6,220
DISTLP2,dynamic-4,16,6,221
DISTLP2,dynamic-4,16,6,222
DISTLP2,dynamic-4,16,6,223
DISTLP2,dynamic-4,16,13,224
DISTLP2,dynamic-4,16,13,225
DISTLP2,dynamic-4,16,13,226
DISTLP2,dynamic-4,16,13,227
DISTLP2,dynamic-4,16,13,228
DISTLP2,dynamic-4,16,13,229
DISTLP2,dynamic-4,16,13,230
DISTLP2,dynamic-4,16,13,231
DISTLP2,dynamic-4,16,13,232
DISTLP2,dynamic-4,16,13,233
DISTLP2,dynamic-4,16,13,234
DISTLP2,dynamic-4,16,13,235
DISTLP2,dynamic-4,16,13,236
DISTLP2,dynamic-4,16,13,237
DISTLP2,dynamic-4,16,13,238
DISTLP2,dynamic-4,16,13,239
DISTLP2,dynamic-4,16,13,240
DISTLP2,dynamic-4,16,13,241
DISTLP2,dynamic-4,16,13,242
DISTLP2,dynamic-4,16,13,243
DISTLP2,dynamic-4,16,13,244
DISTLP2,dynamic-4,16,13,245
DISTLP2,dynamic-4,16,13,246
DISTLP2,dynamic-4,16,13,247
DISTLP2,dynamic-4,16,13,248
DISTLP2,dynamic-4,16,13,249
DISTLP2,dynamic-4,16,13,250
DISTLP2,dynamic-4,16,13,251
DISTLP2,dynamic-4,16,10,252
DISTLP2,dynamic-4,16,10,253
DISTLP2,dynamic-4,16,10,254
DISTLP2,dynamic-4,16,10,255
DISTLP2,dynamic-4,16,10,256
DISTLP2,dynamic-4,16,10,257
DISTLP2,dynamic-4,16,10,258
DISTLP2,dynamic-4,16,10,259
DISTLP2,dynamic-4,16,10,260
DISTLP2,dynamic-4,16,10,261
DISTLP2,dynamic-4,16,10,262
DISTLP2,dynamic-4,16,10,263
DISTLP2,dynamic-4,16,10,264
DISTLP2,dynamic-4,16,10,265
DISTLP2,dynamic-4,16,10,266
DISTLP2,dynamic-4,16,10,267
DISTLP2,dynamic-4,16,10,268
DISTLP2,dynamic-4,16,10,269
DISTLP2,dynamic-4,16,10,270
DISTLP2,dynamic-4,16,10,271
DISTLP2,dynamic-4,16,10,272
DISTLP2,dynamic-4,16,10,273
DISTLP2,dynamic-4,16,10,274
DISTLP2,dynamic-4,16,10,275
DISTLP2,dynamic-4,16,10,276
DISTLP2,dynamic-4,16,10,277
DISTLP2,dynamic-4,16,10,278
DISTLP2,dynamic-4,16,10,279
DISTLP2,dynamic-4,16,10,280
DISTLP2,dynamic-4,16,10,281
DISTLP2,dynamic-4,16,10,282
DISTLP2,dynamic-4,16,10,283
DISTLP2,dynamic-4,16,8,284
DISTLP2,dynamic-4,16,8,285
DISTLP2,dynamic-4,16,8,286
DISTLP2,dynamic-4,16,8,287
DISTLP2,dynamic-4,16,8,288
DISTLP2,dynamic-4,16,8,289
DISTLP2,dynamic-4,16,8,290
DISTLP2,dynamic-4,16,8,291
DISTLP2,dynamic-4,16,8,292
DISTLP2,dynamic-4,16,8,293
DISTLP2,dynamic-4,16,8,294
DISTLP2,dynamic-4,16,8,295
DISTLP2,dynamic-4,16,8,296
DISTLP2,dynamic-4,16,8,297
DISTLP2,dynamic-4,16,8,298
DISTLP2,dynamic-4,16,8,299
DISTLP2,dynamic-4,16,8,300
DISTLP2,dynamic-4,16,8,301
DISTLP2,dynamic-4,16,8,302
DISTLP2,dynamic-4,16,8,303
DISTLP2,dynamic-4,16,8,304
DISTLP2,dynamic-4,16,8,305
DISTLP2,dynamic-4,16,8,306
DISTLP2,dynamic-4,16,8,307
DISTLP2,dynamic-4,16,8,308
DISTLP2,dynamic-4,16,8,309
DISTLP2,dynamic-4,16,8,310
DISTLP2,dynamic-4,16,8,311
DISTLP2,dynamic-4,16,5,312
DISTLP2,dynamic-4,16,5,313
DISTLP2,dynamic-4,16,5,314
DISTLP2,dynamic-4,16,5,315
DISTLP2,dynamic-4,16,5,316
DISTLP2,dynamic-4,16,5,317
DISTLP2,dynamic-4,16,5,318
DISTLP2,dynamic-4,16,5,319
DISTLP2,dynamic-4,16,5,320
DISTLP2,dynamic-4,16,5,321
DISTLP2,dynamic-4,16,5,322
DISTLP2,dynamic-4,16,5,323
DISTLP2,dynamic-4,16,5,324
DISTLP2,dynamic-4,16,5,325
DISTLP2,dynamic-4,16,5,326
DISTLP2,dynamic-4,16,5,327
DISTLP2,dynamic-4,16,5,328
DISTLP2,dynamic-4,16,5,329
DISTLP2,dynamic-4,16,5,330
DISTLP2,dynamic-4,16,5,331
DISTLP2,dynamic-4,16,5,332
DISTLP2,dynamic-4,16,5,333
DISTLP2,dynamic-4,16,5,334
DISTLP2,dynamic-4,16,5,335
DISTLP2,dynamic-4,16,5,336
DISTLP2,dynamic-4,16,5,337
DISTLP2,dynamic-4,16,5,338
DISTLP2,dynamic-4,16,5,339
DISTLP2,dynamic-4,16,5,340
DISTLP2,dynamic-4,16,5,341
DISTLP2,dynamic-4,16,5,342
DISTLP2,dynamic-4,16,5,343
DISTLP2,dynamic-4,16,12,344
DISTLP2,dynamic-4,16,12,345
DISTLP2,dynamic-4,16,12,346
DISTLP2,dynamic-4,16,12,347
DISTLP2,dynamic-4,16,12,348
DISTLP2,dynamic-4,16,12,349
DISTLP2,dynamic-4,16,12,350
DISTLP2,dynamic-4,16,12,351
DISTLP2,dynamic-4,16,12,352
DISTLP2,dynamic-4,16,12,353
DISTLP2,dynamic-4,16,12,354
DISTLP2,dynamic-4,16,12,355
DISTLP2,dynamic-4,16,12,356
DISTLP2,dynamic-4,16,12,357
DISTLP2,dynamic-4,16,12,358
DISTLP2,dynamic-4,16,12,359
DISTLP2,dynamic-4,16,12,360
DISTLP2,dynamic-4,16,12,361
DISTLP2,dynamic-4,16,12,362
DISTLP2,dynamic-4,16,12,363
DISTLP2,dynamic-4,16,12,364
DISTLP2,dynamic-4,16,12,365
DISTLP2,dynamic-4,16,12,366
DISTLP2,dynamic-4,16,12,367
DISTLP2,dynamic-4,16,12,368
DISTLP2,dynamic-4,16,12,369
DISTLP2,dynamic-4,16,12,370
DISTLP2,dynamic-4,16,12,371
DISTLP2,dynamic-4,16,14,372
DISTLP2,dynamic-4,16,14,373
DISTLP2,dynamic-4,16,14,374
DISTLP2,dynamic-4,16,14,375
DISTLP2,dynamic-4,16,14,376
DISTLP2,dynamic-4,16,14,377
DISTLP2,dynamic-4,16,14,378
DISTLP2,dynamic-4,16,14,379
DISTLP2,dynamic-4,16,14,380
DISTLP2,dynamic-4,16,14,381
DISTLP2,dynamic-4,16,14,382
DISTLP2,dynamic-4,16,14,383
DISTLP2,dynamic-4,16,14,384
DISTLP2,dynamic-4,16,14,385
DISTLP2,dynamic-4,16,14,386
DISTLP2,dynamic-4,16,14,387
DISTLP2,dynamic-4,16,14,388
DISTLP2,dynamic-4,16,14,389
DISTLP2,dynamic-4,16,14,390
DISTLP2,dynamic-4,16,14,391
DISTLP2,dynamic-4,16,14,392
DISTLP2,dynamic-4,16,14,393
DISTLP2,dynamic-4,16,14,394
DISTLP2,dynamic-4,16,14,395
DISTLP2,dynamic-4,16,14,396
DISTLP2,dynamic-4,16,14,397
DISTLP2,dynamic-4,16,14,398
DISTLP2,dynamic-4,16,14,399
DISTLP2,dynamic-4,16,14,400
DISTLP2,dynamic-4,16,14,401
DISTLP2,dynamic-4,16,14,402
DISTLP2,dynamic-4,16,14,403
DISTLP2,dynamic-4,16,3,404
DISTLP2,dynamic-4,16,3,405
DISTLP2,dynamic-4,16,3,406
DISTLP2,dynamic-4,16,3,407
DISTLP2,dynamic-4,16,3,408
DISTLP2,dynamic-4,16,3,409
DISTLP2,dynamic-4,16,3,410
DISTLP2,dynamic-4,16,3,411
DISTLP2,dynamic-4,16,3,412
DISTLP2,dynamic-4,16,3,413
DISTLP2,dynamic-4,16,3,414
DISTLP2,dynamic-4,16,3,415
DISTLP2,dynamic-4,16,3,416
DISTLP2,dynamic-4,16,3,417
DISTLP2,dynamic-4,16,3,418
DISTLP2,dynamic-4,16,3,419
DISTLP2,dynamic-4,16,3,420
DISTLP2,dynamic-4,16,3,421
DISTLP2,dynamic-4,16,3,422
DISTLP2,dynamic-4,16,3,423
DISTLP2,dynamic-4,16,3,424
DISTLP2,dynamic-4,16,3,425
DISTLP2,dynamic-4,16,3,426
DISTLP2,dynamic-4,16,3,427
DISTLP2,dynamic-4,16,3,428
DISTLP2,dynamic-4,16,3,429
DISTLP2,dynamic-4,16,3,430
DISTLP2,dynamic-4,16,3,431
DISTLP2,dynamic-4,16,6,432
DISTLP2,dynamic-4,16,6,433
DISTLP2,dynamic-4,16,6,434
DISTLP2,dynamic-4,16,6,435
DISTLP2,dynamic-4,16,6,436
DISTLP2,dynamic-4,16,6,437
DISTLP2,dynamic-4,16,6,438
DISTLP2,dynamic-4,16,6,439
DISTLP2,dynamic-4,16,6,440
DISTLP2,dynamic-4,16,6,441
DISTLP2,dynamic-4,16,6,442
DISTLP2,dynamic-4,16,6,443
DISTLP2,dynamic-4,16,6,444
DISTLP2,dynamic-4,16,6,445
DISTLP2,dynamic-4,16,6,446
DISTLP2,dynamic-4,16,6,447
DISTLP2,dynamic-4,16,6,448
DISTLP2,dynamic-4,16,6,449
DISTLP2,dynamic-4,16,6,450
DISTLP2,dynamic-4,16,6,451
DISTLP2,dynamic-4,16,6,452
DISTLP2,dynamic-4,16,6,453
DISTLP2,dynamic-4,16,6,454
DISTLP2,dynamic-4,16,6,455
DISTLP2,dynamic-4,16,6,456
DISTLP2,dynamic-4,16,6,457
DISTLP2,dynamic-4,16,6,458
DISTLP2,dynamic-4,16,6,459
DISTLP2,dynamic-4,16,6,460
DISTLP2,dynamic-4,16,6,461
DISTLP2,dynamic-4,16,6,462
DISTLP2,dynamic-4,16,6,463
DISTLP2,dynamic-4,16,13,464
DISTLP2,dynamic-4,16,13,465
DISTLP2,dynamic-4,16,13,466
DISTLP2,dynamic-4,16,13,467
DISTLP2,dynamic-4,16,13,468
DISTLP2,dynamic-4,16,13,469
DISTLP2,dynamic-4,16,13,470
DISTLP2,dynamic-4,16,13,471
DISTLP2,dynamic-4,16,13,472
DISTLP2,dynamic-4,16,13,473
DISTLP2,dynamic-4,16,13,474
DISTLP2,dynamic-4,16,13,475
DISTLP2,dynamic-4,16,13,476
DISTLP2,dynamic-4,16,13,477
DISTLP2,dynamic-4,16,13,478
DISTLP2,dynamic-4,16,13,479
DISTLP2,dynamic-4,16,13,480
DISTLP2,dynamic-4,16,13,481
DISTLP2,dynamic-4,16,13,482
DISTLP2,dynamic-4,16,13,483
DISTLP2,dynamic-4,16,13,484
DISTLP2,dynamic-4,16,13,485
DISTLP2,dynamic-4,16,13,486
DISTLP2,dynamic-4,16,13,487
DISTLP2,dynamic-4,16,13,488
DISTLP2,dynamic-4,16,13,489
DISTLP2,dynamic-4,16,13,490
DISTLP2,dynamic-4,16,13,491
DISTLP2,dynamic-4,16,10,492
DISTLP2,dynamic-4,16,10,493
DISTLP2,dynamic-4,16,10,494
DISTLP2,dynamic-4,16,10,495
DISTLP2,dynamic-4,16,10,496
DISTLP2,dynamic-4,16,10,497
DISTLP2,dynamic-4,16,10,498
DISTLP2,dynamic-4,16,10,499
DISTLP2,dynamic-4,16,10,500
DISTLP2,dynamic-4,16,10,501
DISTLP2,dynamic-4,16,10,502
DISTLP2,dynamic-4,16,10,503
DISTLP2,dynamic-4,16,10,504
DISTLP2,dynamic-4,16,10,505
DISTLP2,dynamic-4,16,10,506
DISTLP2,dynamic-4,16,10,507
DISTLP2,dynamic-4,16,10,508
DISTLP2,dynamic-4,16,10,509
DISTLP2,dynamic-4,16,10,510
DISTLP2,dynamic-4,16,10,511
DISTLP2,dynamic-4,16,10,512
DISTLP2,dynamic-4,16,10,513
DISTLP2,dynamic-4,16,10,514
DISTLP2,dynamic-4,16,10,515
DISTLP2,dynamic-4,16,10,516
DISTLP2,dynamic-4,16,10,517
DISTLP2,dynamic-4,16,10,518
DISTLP2,dynamic-4,16,10,519
DISTLP2,dynamic-4,16,10,520
DISTLP2,dynamic-4,16,10,521
DISTLP2,dynamic-4,16,10,522
DISTLP2,dynamic-4,16,10,523
DISTLP2,dynamic-4,16,8,524
DISTLP2,dynamic-4,16,8,525
DISTLP2,dynamic-4,16,8,526
DISTLP2,dynamic-4,16,8,527
DISTLP2,dynamic-4,16,8,528
DISTLP2,dynamic-4,16,8,529
DISTLP2,dynamic-4,16,8,530
DISTLP2,dynamic-4,16,8,531
DISTLP2,dynamic-4,16,8,532
DISTLP2,dynamic-4,16,8,533
DISTLP2,dynamic-4,16,8,534
DISTLP2,dynamic-4,16,8,535
DISTLP2,dynamic-4,16,8,536
DISTLP2,dynamic-4,16,8,537
DISTLP2,dynamic-4,16,8,538
DISTLP2,dynamic-4,16,8,539
DISTLP2,dynamic-4,16,8,540
DISTLP2,dynamic-4,16,8,541
DISTLP2,dynamic-4,16,8,542
DISTLP2,dynamic-4,16,8,543
DISTLP2,dynamic-4,16,8,544
DISTLP2,dynamic-4,16,8,545
DISTLP2,dynamic-4,16,8,546
DISTLP2,dynamic-4,16,8,547
DISTLP2,dynamic-4,16,8,548
DISTLP2,dynamic-4,16,8,549
DISTLP2,dynamic-4,16,8,550
DISTLP2,dynamic-4,16,8,551
DISTLP2,dynamic-4,16,5,552
DISTLP2,dynamic-4,16,5,553
DISTLP2,dynamic-4,16,5,554
DISTLP2,dynamic-4,16,5,555
DISTLP2,dynamic-4,16,5,556
DISTLP2,dynamic-4,16,5,557
DISTLP2,dynamic-4,16,5,558
DISTLP2,dynamic-4,16,5,559
DISTLP2,dynamic-4,16,5,560
DISTLP2,dynamic-4,16,5,561
DISTLP2,dynamic-4,16,5,562
DISTLP2,dynamic-4,16,5,563
DISTLP2,dynamic-4,16,5,564
DISTLP2,dynamic-4,16,5,565
DISTLP2,dynamic-4,16,5,566
DISTLP2,dynamic-4,16,5,567
DISTLP2,dynamic-4,16,5,568
DISTLP2,dynamic-4,16,5,569
DISTLP2,dynamic-4,16,5,570
DISTLP2,dynamic-4,16,5,571
DISTLP2,dynamic-4,16,5,572
DISTLP2,dynamic-4,16,5,573
DISTLP2,dynamic-4,16,5,574
DISTLP2,dynamic-4,16,5,575
DISTLP2,dynamic-4,16,5,576
DISTLP2,dynamic-4,16,5,577
DISTLP2,dynamic-4,16,5,578
DISTLP2,dynamic-4,16,5,579
DISTLP2,dynamic-4,16,5,580
DISTLP2,dynamic-4,16,5,581
DISTLP2,dynamic-4,16,5,582
DISTLP2,dynamic-4,16,5,583
DISTLP2,dynamic-4,16,12,584
DISTLP2,dynamic-4,16,12,585
DISTLP2,dynamic-4,16,12,586
DISTLP2,dynamic-4,16,12,587
DISTLP2,dynamic-4,16,12,588
DISTLP2,dynamic-4,16,12,589
DISTLP2,dynamic-4,16,12,590
DISTLP2,dynamic-4,16,12,591
DISTLP2,dynamic-4,16,12,592
DISTLP2,dynamic-4,16,12,593
DISTLP2,dynamic-4,16,12,594
DISTLP2,dynamic-4,16,12,595
DISTLP2,dynamic-4,16,12,596
DISTLP2,dynamic-4,16,12,597
DISTLP2,dynamic-4,16,12,598
DISTLP2,dynamic-4,16,12,599
DISTLP2,dynamic-4,16,12,600
DISTLP2,dynamic-4,16,12,601
DISTLP2,dynamic-4,16,12,602
DISTLP2,dynamic-4,16,12,603
DISTLP2,dynamic-4,16,12,604
DISTLP2,dynamic-4,16,12,605
DISTLP2,dynamic-4,16,12,606
DISTLP2,dynamic-4,16,12,607
DISTLP2,dynamic-4,16,12,608
DISTLP2,dynamic-4,16,12,609
DISTLP2,dynamic-4,16,12,610
DISTLP2,dynamic-4,16,12,611
DISTLP2,dynamic-4,16,4,612
DISTLP2,dynamic-4,16,4,613
DISTLP2,dynamic-4,16,4,614
DISTLP2,dynamic-4,16,4,615
DISTLP2,dynamic-4,16,4,616
DISTLP2,dynamic-4,16,4,617
DISTLP2,dynamic-4,16,4,618
DISTLP2,dynamic-4,16,4,619
DISTLP2,dynamic-4,16,4,620
DISTLP2,dynamic-4,16,4,621
DISTLP2,dynamic-4,16,4,622
DISTLP2,dynamic-4,16,4,623
DISTLP2,dynamic-4,16,4,624
DISTLP2,dynamic-4,16,4,625
DISTLP2,dynamic-4,16,4,626
DISTLP2,dynamic-4,16,4,627
DISTLP2,dynamic-4,16,4,628
DISTLP2,dynamic-4,16,4,629
DISTLP2,dynamic-4,16,4,630
DISTLP2,dynamic-4,16,4,631
DISTLP2,dynamic-4,16,4,632
DISTLP2,dynamic-4,16,4,633
DISTLP2,dynamic-4,16,4,634
DISTLP2,dynamic-4,16,4,635
DISTLP2,dynamic-4,16,4,636
DISTLP2,dynamic-4,16,4,637
DISTLP2,dynamic-4,16,4,638
DISTLP2,dynamic-4,16,4,639
DISTLP2,dynamic-4,16,4,640
DISTLP2,dynamic-4,16,4,641
DISTLP2,dynamic-4,16,4,642
DISTLP2,dynamic-4,16,4,643
DISTLP2,dynamic-4,16,1,644
DISTLP2,dynamic-4,16,1,645
DISTLP2,dynamic-4,16,1,646
DISTLP2,dynamic-4,16,1,647
DISTLP2,dynamic-4,16,1,648
DISTLP2,dynamic-4,16,1,649
DISTLP2,dynamic-4,16,1,650
DISTLP2,dynamic-4,16,1,651
DISTLP2,dynamic-4,16,1,652
DISTLP2,dynamic-4,16,1,653
DISTLP2,dynamic-4,16,1,654
DISTLP2,dynamic-4,16,1,655
DISTLP2,dynamic-4,16,1,656
DISTLP2,dynamic-4,16,1,657
DISTLP2,dynamic-4,16,1,658
DISTLP2,dynamic-4,16,1,659
DISTLP2,dynamic-4,16,1,660
DISTLP2,dynamic-4,16,1,661
DISTLP2,dynamic-4,16,1,662
DISTLP2,dynamic-4,16,1,663
DISTLP2,dynamic-4,16,1,664
DISTLP2,dynamic-4,16,1,665
DISTLP2,dynamic-4,16,1,666
DISTLP2,dynamic-4,16,1,667
DISTLP2,dynamic-4,16,1,668
DISTLP2,dynamic-4,16,1,669
DISTLP2,dynamic-4,16,1,670
DISTLP2,dynamic-4,16,1,671
DISTLP2,dynamic-4,16,14,672
DISTLP2,dynamic-4,16,14,673
DISTLP2,dynamic-4,16,14,674
DISTLP2,dynamic-4,16,14,675
DISTLP2,dynamic-4,16,14,676
DISTLP2,dynamic-4,16,14,677
DISTLP2,dynamic-4,16,14,678
DISTLP2,dynamic-4,16,14,679
DISTLP2,dynamic-4,16,14,680
DISTLP2,dynamic-4,16,14,681
DISTLP2,dynamic-4,16,14,682
DISTLP2,dynamic-4,16,14,683
DISTLP2,dynamic-4,16,14,684
DISTLP2,dynamic-4,16,14,685
DISTLP2,dynamic-4,16,14,686
DISTLP2,dynamic-4,16,14,687
DISTLP2,dynamic-4,16,14,688
DISTLP2,dynamic-4,16,14,689
DISTLP2,dynamic-4,16,14,690
DISTLP2,dynamic-4,16,14,691
DISTLP2,dynamic-4,16,14,692
DISTLP2,dynamic-4,16,14,693
DISTLP2,dynamic-4,16,14,694
DISTLP2,dynamic-4,16,14,695
DISTLP2,dynamic-4,16,14,696
DISTLP2,dynamic-4,16,14,697
DISTLP2,dynamic-4,16,14,698
DISTLP2,dynamic-4,16,14,699
DISTLP2,dynamic-4,16,14,700
DISTLP2,dynamic-4,16,14,701
DISTLP2,dynamic-4,16,14,702
DISTLP2,dynamic-4,16,14,703
DISTLP2,dynamic-4,16,3,704
DISTLP2,dynamic-4,16,3,705
DISTLP2,dynamic-4,16,3,706
DISTLP2,dynamic-4,16,3,707
DISTLP2,dynamic-4,16,3,708
DISTLP2,dynamic-4,16,3,709
DISTLP2,dynamic-4,16,3,710
DISTLP2,dynamic-4,16,3,711
DISTLP2,dynamic-4,16,3,712
DISTLP2,dynamic-4,16,3,713
DISTLP2,dynamic-4,16,3,714
DISTLP2,dynamic-4,16,3,715
DISTLP2,dynamic-4,16,3,716
DISTLP2,dynamic-4,16,3,717
DISTLP2,dynamic-4,16,3,718
DISTLP2,dynamic-4,16,3,719
DISTLP2,dynamic-4,16,3,720
DISTLP2,dynamic-4,16,3,721
DISTLP2,dynamic-4,16,3,722
DISTLP2,dynamic-4,16,3,723
DISTLP2,dynamic-4,16,3,724
DISTLP2,dynamic-4,16,3,725
DISTLP2,dynamic-4,16,3,726
DISTLP2,dynamic-4,16,3,727
DISTLP2,dynamic-4,16,3,728
